{
    "description": "Camera parameters extracted from LLFF poses_bounds.npy",
    "fields": {
        "rotation": "3x3 rotation matrix (World-to-Camera or Camera-to-World depending on conventions)",
        "position": "3x1 camera position in world space",
        "intrinsics": {
            "height": "Image height in pixels",
            "width": "Image width in pixels",
            "focal_length": "Focal length in pixels"
        },
        "bounds": {
            "near": "Nearest depth of the scene from this camera",
            "far": "Farthest depth of the scene from this camera"
        }
    },
    "cameras": [
        {
            "id": 0,
            "intrinsics": {
                "height": 2028.0,
                "width": 2704.0,
                "focal_length": 1460.7543404163334
            },
            "bounds": {
                "near": 8.831384232013642,
                "far": 109.77542390000633
            },
            "rotation": [
                [
                    -0.021732170138006792,
                    0.9943491646907965,
                    -0.1039107860609676
                ],
                [
                    0.9997530962884785,
                    0.021132652881061354,
                    -0.006867127769947995
                ],
                [
                    -0.004632412189448103,
                    -0.10403436769127798,
                    -0.9945629145993645
                ]
            ],
            "position": [
                0.44396468423162905,
                -1.1035034400953323,
                -0.3499272977464685
            ]
        },
        {
            "id": 1,
            "intrinsics": {
                "height": 2028.0,
                "width": 2704.0,
                "focal_length": 1460.7543404163334
            },
            "bounds": {
                "near": 6.844494274076135,
                "far": 113.35576472138032
            },
            "rotation": [
                [
                    -0.027327622026879574,
                    0.8750079850214529,
                    0.4833365568866611
                ],
                [
                    0.9995782669632681,
                    0.028670979319767434,
                    0.00461119936184902
                ],
                [
                    -0.009822896164841343,
                    0.48325873100601313,
                    -0.8754224749327564
                ]
            ],
            "position": [
                5.519666017245687,
                -0.98778785111412,
                0.6109348226657055
            ]
        },
        {
            "id": 2,
            "intrinsics": {
                "height": 2028.0,
                "width": 2704.0,
                "focal_length": 1460.7543404163334
            },
            "bounds": {
                "near": 7.044561222233213,
                "far": 117.80539517504393
            },
            "rotation": [
                [
                    -0.024065099721534814,
                    0.9264929884608802,
                    0.37554175973947257
                ],
                [
                    0.9997035803227989,
                    0.0236893292765856,
                    0.005618466712755708
                ],
                [
                    -0.0036908623883077497,
                    0.3755656507339997,
                    -0.9267884437796889
                ]
            ],
            "position": [
                4.681453353492629,
                -1.0267672341007639,
                0.0760409213793571
            ]
        },
        {
            "id": 3,
            "intrinsics": {
                "height": 2028.0,
                "width": 2704.0,
                "focal_length": 1460.7543404163334
            },
            "bounds": {
                "near": 8.473499223486272,
                "far": 112.33443939244736
            },
            "rotation": [
                [
                    0.0052573542105432145,
                    0.9920514941378891,
                    0.12572268373482426
                ],
                [
                    0.9999744026793228,
                    -0.004605393976350243,
                    -0.005475795143553639
                ],
                [
                    -0.004853268263392438,
                    0.12574825376562634,
                    -0.9920503124650781
                ]
            ],
            "position": [
                2.6159629645302225,
                -1.0519851623219885,
                -0.6494214561440111
            ]
        },
        {
            "id": 4,
            "intrinsics": {
                "height": 2028.0,
                "width": 2704.0,
                "focal_length": 1460.7543404163334
            },
            "bounds": {
                "near": 5.788118360053823,
                "far": 113.63992525290577
            },
            "rotation": [
                [
                    0.00016119789344143078,
                    0.9996202485241698,
                    0.027555993099797036
                ],
                [
                    0.9999897614472506,
                    -0.00028575095090902067,
                    0.004516120798285222
                ],
                [
                    0.004522279945978555,
                    0.027554982977148913,
                    -0.9996100599219775
                ]
            ],
            "position": [
                1.52165531884216,
                -1.0797429812992245,
                -0.49757952522262566
            ]
        },
        {
            "id": 5,
            "intrinsics": {
                "height": 2028.0,
                "width": 2704.0,
                "focal_length": 1460.7543404163334
            },
            "bounds": {
                "near": 5.953714441801027,
                "far": 109.63269616259085
            },
            "rotation": [
                [
                    -0.0011969148455468692,
                    0.9710849332798286,
                    -0.23873127099683356
                ],
                [
                    0.9999568184885895,
                    0.003362328946113218,
                    0.008663480953753286
                ],
                [
                    0.009215668886761627,
                    -0.23871059277076329,
                    -0.9710470247861327
                ]
            ],
            "position": [
                -0.6228076463022001,
                -1.1263924559539613,
                -0.23633230027772612
            ]
        },
        {
            "id": 6,
            "intrinsics": {
                "height": 2028.0,
                "width": 2704.0,
                "focal_length": 1460.7543404163334
            },
            "bounds": {
                "near": 8.998587160532521,
                "far": 103.89017415239391
            },
            "rotation": [
                [
                    0.0032547796954803944,
                    0.9361180756122562,
                    -0.35167080476084445
                ],
                [
                    0.9998951184129303,
                    -0.008009526878047523,
                    -0.012066468132058564
                ],
                [
                    -0.014112355690175863,
                    -0.3515946472732427,
                    -0.9360459633082543
                ]
            ],
            "position": [
                -1.6927207236013255,
                -1.1335866126387395,
                -0.10921592067443946
            ]
        },
        {
            "id": 7,
            "intrinsics": {
                "height": 2028.0,
                "width": 2704.0,
                "focal_length": 1460.7543404163334
            },
            "bounds": {
                "near": 8.58803255924289,
                "far": 97.65461344991337
            },
            "rotation": [
                [
                    -0.016265326949169465,
                    0.8916572740228486,
                    -0.45241877151747295
                ],
                [
                    0.9996738294523589,
                    0.005591976067112555,
                    -0.0249191595307908
                ],
                [
                    -0.01968943491552724,
                    -0.45267652411607073,
                    -0.891457397000496
                ]
            ],
            "position": [
                -2.764425105573149,
                -1.1612380921416483,
                0.00871177507180787
            ]
        },
        {
            "id": 8,
            "intrinsics": {
                "height": 2028.0,
                "width": 2704.0,
                "focal_length": 1460.7543404163334
            },
            "bounds": {
                "near": 7.656341286490946,
                "far": 80.86901032724143
            },
            "rotation": [
                [
                    -0.004050142422666117,
                    0.8284331059510279,
                    -0.5600733749346497
                ],
                [
                    0.9997506131308168,
                    -0.00894576807190445,
                    -0.02046178824442441
                ],
                [
                    -0.0219615093040549,
                    -0.5600165731457744,
                    -0.8281902739776358
                ]
            ],
            "position": [
                -3.5381006930679293,
                -1.13514257063684,
                1.031228875378756
            ]
        },
        {
            "id": 9,
            "intrinsics": {
                "height": 2028.0,
                "width": 2704.0,
                "focal_length": 1460.7543404163334
            },
            "bounds": {
                "near": 9.00395946451076,
                "far": 65.70140036627993
            },
            "rotation": [
                [
                    0.0034425214502115404,
                    0.75978936385388,
                    -0.6501601892000013
                ],
                [
                    0.9999045157105931,
                    -0.01131666211615436,
                    -0.00793048675131817
                ],
                [
                    -0.013383142666387056,
                    -0.6500708082455829,
                    -0.7597557737584532
                ]
            ],
            "position": [
                -4.185561826407833,
                -1.1570872583257779,
                1.7437700624401773
            ]
        },
        {
            "id": 10,
            "intrinsics": {
                "height": 2028.0,
                "width": 2704.0,
                "focal_length": 1460.7543404163334
            },
            "bounds": {
                "near": 6.434862200887034,
                "far": 117.68767880941833
            },
            "rotation": [
                [
                    -0.009547380576158742,
                    0.9906132242382453,
                    0.1363608722780919
                ],
                [
                    0.9966711378284498,
                    -0.0016144614761521012,
                    0.08151095959369711
                ],
                [
                    0.08096598386901309,
                    0.13668516188105473,
                    -0.9873001954713027
                ]
            ],
            "position": [
                6.1903745104051175,
                1.804185847832497,
                0.12040975500401038
            ]
        },
        {
            "id": 11,
            "intrinsics": {
                "height": 2028.0,
                "width": 2704.0,
                "focal_length": 1460.7543404163334
            },
            "bounds": {
                "near": 7.320014581767503,
                "far": 344.32758415433466
            },
            "rotation": [
                [
                    0.02673525332541184,
                    0.9995259398441374,
                    0.015268326965316072
                ],
                [
                    0.9994804928084681,
                    -0.027002815007835815,
                    0.01759524018007256
                ],
                [
                    0.017999186786293937,
                    0.014789981756119229,
                    -0.9997286060299994
                ]
            ],
            "position": [
                5.207583591338915,
                1.7685967874984834,
                -0.020611858299814517
            ]
        },
        {
            "id": 12,
            "intrinsics": {
                "height": 2028.0,
                "width": 2704.0,
                "focal_length": 1460.7543404163334
            },
            "bounds": {
                "near": 8.19818991818982,
                "far": 111.08953221605908
            },
            "rotation": [
                [
                    0.04628762486255554,
                    0.9795030964246656,
                    0.19603861833596903
                ],
                [
                    0.9988585368601633,
                    -0.04770124022027034,
                    0.0024929947897800856
                ],
                [
                    0.011793181341654102,
                    0.19569945267154032,
                    -0.9805930068575354
                ]
            ],
            "position": [
                3.2435604459555223,
                1.7197952725606485,
                -0.6715822859627962
            ]
        },
        {
            "id": 13,
            "intrinsics": {
                "height": 2028.0,
                "width": 2704.0,
                "focal_length": 1460.7543404163334
            },
            "bounds": {
                "near": 8.245130762725658,
                "far": 111.3545056552814
            },
            "rotation": [
                [
                    0.025686294391748892,
                    0.9968197086834126,
                    0.07543661352908686
                ],
                [
                    0.997106248625415,
                    -0.030948388892819936,
                    0.06943577015552659
                ],
                [
                    0.07154958583089596,
                    0.07343477109146036,
                    -0.9947301097092478
                ]
            ],
            "position": [
                1.976148181935184,
                1.6847142726744753,
                -0.5728709086819735
            ]
        },
        {
            "id": 14,
            "intrinsics": {
                "height": 2028.0,
                "width": 2704.0,
                "focal_length": 1460.7543404163334
            },
            "bounds": {
                "near": 7.654980478668516,
                "far": 111.78329058174296
            },
            "rotation": [
                [
                    0.0039909394587180945,
                    0.987919548962499,
                    -0.15491622632884355
                ],
                [
                    0.999656572422091,
                    7.095717357287796e-05,
                    0.026205575330375284
                ],
                [
                    0.025899992578248016,
                    -0.15496760868908108,
                    -0.9875799869588462
                ]
            ],
            "position": [
                -0.21015372579091374,
                1.6492689588273362,
                -0.33166245762649227
            ]
        },
        {
            "id": 15,
            "intrinsics": {
                "height": 2028.0,
                "width": 2704.0,
                "focal_length": 1460.7543404163334
            },
            "bounds": {
                "near": 6.852219519438676,
                "far": 99.81619362746436
            },
            "rotation": [
                [
                    0.053439997467210516,
                    0.9183368799354056,
                    -0.39217539650162775
                ],
                [
                    0.9985606504241247,
                    -0.04735217193854704,
                    0.025187283244756387
                ],
                [
                    0.004560054303825967,
                    -0.3929569273638101,
                    -0.9195455720852226
                ]
            ],
            "position": [
                -2.4555180483096057,
                1.596160246878149,
                -0.09384793175769389
            ]
        },
        {
            "id": 16,
            "intrinsics": {
                "height": 2028.0,
                "width": 2704.0,
                "focal_length": 1460.7543404163334
            },
            "bounds": {
                "near": 6.715722353581213,
                "far": 316.1392932085107
            },
            "rotation": [
                [
                    0.07141188963548012,
                    0.9253822011025629,
                    -0.3722473960973617
                ],
                [
                    0.9879902422939298,
                    -0.014355967351993574,
                    0.15384793574621042
                ],
                [
                    0.13702416995067548,
                    -0.37876336687167167,
                    -0.9152937718379621
                ]
            ],
            "position": [
                -4.221040762895637,
                1.5759565908580135,
                1.0141435236918845
            ]
        },
        {
            "id": 17,
            "intrinsics": {
                "height": 2028.0,
                "width": 2704.0,
                "focal_length": 1460.7543404163334
            },
            "bounds": {
                "near": 6.0223239033772575,
                "far": 100.79640306988986
            },
            "rotation": [
                [
                    0.09825886433994609,
                    0.8643636441336627,
                    -0.49317409327599393
                ],
                [
                    0.9925012914496936,
                    -0.04890926322884385,
                    0.11202263361081122
                ],
                [
                    0.07270751026760894,
                    -0.5004831412449238,
                    -0.8626878017453933
                ]
            ],
            "position": [
                -5.084449092618001,
                1.576100145157875,
                1.5123793408158375
            ]
        }
    ]
}
