{
    "description": "Camera parameters extracted from LLFF poses_bounds.npy",
    "fields": {
        "rotation": "3x3 rotation matrix (World-to-Camera or Camera-to-World depending on conventions)",
        "position": "3x1 camera position in world space",
        "intrinsics": {
            "height": "Image height in pixels",
            "width": "Image width in pixels",
            "focal_length": "Focal length in pixels"
        },
        "bounds": {
            "near": "Nearest depth of the scene from this camera",
            "far": "Farthest depth of the scene from this camera"
        }
    },
    "cameras": [
        {
            "id": 0,
            "intrinsics": {
                "height": 2028.0,
                "width": 2704.0,
                "focal_length": 1462.2934128356544
            },
            "bounds": {
                "near": 9.193089763306915,
                "far": 24.38760232622354
            },
            "rotation": [
                [
                    -0.028573153402523588,
                    0.9991695155396118,
                    -0.02904916730258287
                ],
                [
                    0.9945202413890454,
                    0.02549249990696813,
                    -0.10138847033054744
                ],
                [
                    -0.10056373288671681,
                    -0.03178697319391742,
                    -0.9944227088934858
                ]
            ],
            "position": [
                0.025808204964100464,
                -1.3304356530257169,
                -0.21567080106420294
            ]
        },
        {
            "id": 1,
            "intrinsics": {
                "height": 2028.0,
                "width": 2704.0,
                "focal_length": 1462.2934128356544
            },
            "bounds": {
                "near": 8.568596531749357,
                "far": 26.305262524834355
            },
            "rotation": [
                [
                    -0.02823894907782936,
                    0.8374100281408858,
                    0.5458452221317509
                ],
                [
                    0.9945233647392163,
                    0.0785075657935667,
                    -0.06899158717522157
                ],
                [
                    -0.10062722664749915,
                    0.5409075770242542,
                    -0.8350408100057045
                ]
            ],
            "position": [
                5.0039892134385475,
                -1.021684532496616,
                1.0922929064427924
            ]
        },
        {
            "id": 2,
            "intrinsics": {
                "height": 2028.0,
                "width": 2704.0,
                "focal_length": 1462.2934128356544
            },
            "bounds": {
                "near": 9.3075699785247,
                "far": 35.09329104565846
            },
            "rotation": [
                [
                    -0.019681091136487642,
                    0.8963106178861013,
                    0.4429897638956375
                ],
                [
                    0.9943163444777361,
                    0.06391536148303474,
                    -0.08514595510607072
                ],
                [
                    -0.10463107452429837,
                    0.43879619737541964,
                    -0.8924742211474587
                ]
            ],
            "position": [
                4.2413678499341145,
                -1.1207818475026199,
                0.5105683467593116
            ]
        },
        {
            "id": 3,
            "intrinsics": {
                "height": 2028.0,
                "width": 2704.0,
                "focal_length": 1462.2934128356544
            },
            "bounds": {
                "near": 10.481385237612939,
                "far": 27.813755228237028
            },
            "rotation": [
                [
                    -0.014307369673394956,
                    0.9452155447026572,
                    0.3261332139256716
                ],
                [
                    0.9956553603979099,
                    0.04348096698526969,
                    -0.08233959449094912
                ],
                [
                    -0.0920092521648604,
                    0.3235382196317537,
                    -0.9417310220830457
                ]
            ],
            "position": [
                3.3027437993250945,
                -1.2502211745198917,
                -0.3582259300094477
            ]
        },
        {
            "id": 4,
            "intrinsics": {
                "height": 2028.0,
                "width": 2704.0,
                "focal_length": 1462.2934128356544
            },
            "bounds": {
                "near": 10.286329423650402,
                "far": 40.746409000291
            },
            "rotation": [
                [
                    -0.003992656672652397,
                    0.9807666603898245,
                    0.19514306690345137
                ],
                [
                    0.9971095245936474,
                    0.018710860123586363,
                    -0.07363762406586784
                ],
                [
                    -0.0758726212630407,
                    0.1942850009167619,
                    -0.9780064845191206
                ]
            ],
            "position": [
                2.2248738151284977,
                -1.2741954126125326,
                -0.37780334322318876
            ]
        },
        {
            "id": 5,
            "intrinsics": {
                "height": 2028.0,
                "width": 2704.0,
                "focal_length": 1462.2934128356544
            },
            "bounds": {
                "near": 9.587040717443791,
                "far": 25.759969579160128
            },
            "rotation": [
                [
                    -0.007537062605265181,
                    0.9952900573517502,
                    0.09664830274781906
                ],
                [
                    0.9968227807495011,
                    0.015142218867125436,
                    -0.07819882982891868
                ],
                [
                    -0.07929398757860792,
                    0.09575184042372159,
                    -0.9922419304732862
                ]
            ],
            "position": [
                1.130224803527364,
                -1.297405503861976,
                -0.28978735472079165
            ]
        },
        {
            "id": 6,
            "intrinsics": {
                "height": 2028.0,
                "width": 2704.0,
                "focal_length": 1462.2934128356544
            },
            "bounds": {
                "near": 9.972447930230716,
                "far": 24.545951401652964
            },
            "rotation": [
                [
                    -0.008175387754970152,
                    0.986463535130525,
                    -0.16377685090647998
                ],
                [
                    0.996872093515236,
                    -0.004834971120131855,
                    -0.07888378936649844
                ],
                [
                    -0.07860783806724672,
                    -0.16390947779812795,
                    -0.9833384416783157
                ]
            ],
            "position": [
                -1.042053633736593,
                -1.363889059085807,
                -0.17351662775961893
            ]
        },
        {
            "id": 7,
            "intrinsics": {
                "height": 2028.0,
                "width": 2704.0,
                "focal_length": 1462.2934128356544
            },
            "bounds": {
                "near": 9.82655164166922,
                "far": 25.992971093312093
            },
            "rotation": [
                [
                    -0.003239813241556768,
                    0.9570562881238699,
                    -0.28988405436091164
                ],
                [
                    0.9954478129730167,
                    -0.02452604685430131,
                    -0.09209845098012542
                ],
                [
                    -0.09525311153656757,
                    -0.2888628297103328,
                    -0.9526201290936179
                ]
            ],
            "position": [
                -2.1315145804794997,
                -1.3781682463353722,
                -0.12135356302397644
            ]
        },
        {
            "id": 8,
            "intrinsics": {
                "height": 2028.0,
                "width": 2704.0,
                "focal_length": 1462.2934128356544
            },
            "bounds": {
                "near": 9.82007447643278,
                "far": 35.2745199329864
            },
            "rotation": [
                [
                    -0.020637911688323324,
                    0.9188438833083538,
                    -0.39408120319036943
                ],
                [
                    0.9948447547757082,
                    -0.02027067725665134,
                    -0.09936303909813456
                ],
                [
                    -0.09928741358503457,
                    -0.39410026357562983,
                    -0.9136886733199735
                ]
            ],
            "position": [
                -3.21658157631033,
                -1.4094842578027955,
                -0.08043321060443186
            ]
        },
        {
            "id": 9,
            "intrinsics": {
                "height": 2028.0,
                "width": 2704.0,
                "focal_length": 1462.2934128356544
            },
            "bounds": {
                "near": 8.25150207928089,
                "far": 24.06494426345016
            },
            "rotation": [
                [
                    -0.0029803489032293852,
                    0.855268711361269,
                    -0.5181761755299537
                ],
                [
                    0.9945647334453738,
                    -0.051395749192581074,
                    -0.09055091358824545
                ],
                [
                    -0.10407741593231265,
                    -0.5156296232096907,
                    -0.8504669206744522
                ]
            ],
            "position": [
                -4.03618344083873,
                -1.2991936848193024,
                0.8956713740884577
            ]
        },
        {
            "id": 10,
            "intrinsics": {
                "height": 2028.0,
                "width": 2704.0,
                "focal_length": 1462.2934128356544
            },
            "bounds": {
                "near": 7.9786264124981745,
                "far": 23.263383942318512
            },
            "rotation": [
                [
                    -0.008026167778932187,
                    0.7809131710483111,
                    -0.624588024151965
                ],
                [
                    0.9936251963606467,
                    -0.06401000500671197,
                    -0.0927991832739215
                ],
                [
                    -0.11244798703423106,
                    -0.6213512199572089,
                    -0.7754212478837792
                ]
            ],
            "position": [
                -4.730709303752115,
                -1.242380085954419,
                1.5860360254476382
            ]
        },
        {
            "id": 11,
            "intrinsics": {
                "height": 2028.0,
                "width": 2704.0,
                "focal_length": 1462.2934128356544
            },
            "bounds": {
                "near": 8.280861693408218,
                "far": 138.28734057080382
            },
            "rotation": [
                [
                    0.0014902614359498447,
                    0.9844074379345027,
                    0.17589705870218691
                ],
                [
                    0.9988430826098127,
                    -0.009919898496016759,
                    0.047054138355257284
                ],
                [
                    0.048065324750588036,
                    0.17562343736829883,
                    -0.9832833430927036
                ]
            ],
            "position": [
                5.726732981087878,
                1.5919886932398073,
                0.39039052058314866
            ]
        },
        {
            "id": 12,
            "intrinsics": {
                "height": 2028.0,
                "width": 2704.0,
                "focal_length": 1462.2934128356544
            },
            "bounds": {
                "near": 7.490244328469397,
                "far": 22.460289192191247
            },
            "rotation": [
                [
                    0.05111303415603943,
                    0.9966461699891122,
                    0.06390516086668903
                ],
                [
                    0.9981958736045418,
                    -0.048964405033274386,
                    -0.03474888427853966
                ],
                [
                    -0.03150326424720831,
                    0.0655659887881767,
                    -0.9973508136337982
                ]
            ],
            "position": [
                4.740508335108283,
                1.574636178486123,
                0.19908094621425068
            ]
        },
        {
            "id": 13,
            "intrinsics": {
                "height": 2028.0,
                "width": 2704.0,
                "focal_length": 1462.2934128356544
            },
            "bounds": {
                "near": 7.1961734402885424,
                "far": 34.25549418754412
            },
            "rotation": [
                [
                    0.03984410574921054,
                    0.9636757361659954,
                    0.26408620327834703
                ],
                [
                    0.9981231982921734,
                    -0.026085348022968816,
                    -0.05540429269942323
                ],
                [
                    -0.04650299203329279,
                    0.26579810033829687,
                    -0.9629064552637001
                ]
            ],
            "position": [
                2.8428830455654692,
                1.497565897833774,
                -0.583544736879867
            ]
        },
        {
            "id": 14,
            "intrinsics": {
                "height": 2028.0,
                "width": 2704.0,
                "focal_length": 1462.2934128356544
            },
            "bounds": {
                "near": 8.234393463722117,
                "far": 23.464865020898575
            },
            "rotation": [
                [
                    0.0232819889798854,
                    0.9868219606415529,
                    0.16012609713816753
                ],
                [
                    0.9997082740787588,
                    -0.02195112668728397,
                    -0.01007545411522229
                ],
                [
                    -0.006427731140117408,
                    0.1603139608166431,
                    -0.987045144985613
                ]
            ],
            "position": [
                1.5541344029647763,
                1.450944921531519,
                -0.5760482448783778
            ]
        },
        {
            "id": 15,
            "intrinsics": {
                "height": 2028.0,
                "width": 2704.0,
                "focal_length": 1462.2934128356544
            },
            "bounds": {
                "near": 5.506527889900157,
                "far": 25.22988509585783
            },
            "rotation": [
                [
                    -0.0003424610795581639,
                    0.9999991431507155,
                    0.0012634944575078912
                ],
                [
                    0.9999986683832085,
                    0.0003404443331736478,
                    0.001596035546568965
                ],
                [
                    0.0015956040294789933,
                    0.0012640393550737467,
                    -0.9999979281239987
                ]
            ],
            "position": [
                0.4750592339783827,
                1.43964522345925,
                -0.526476329985316
            ]
        },
        {
            "id": 16,
            "intrinsics": {
                "height": 2028.0,
                "width": 2704.0,
                "focal_length": 1462.2934128356544
            },
            "bounds": {
                "near": 6.573671556259068,
                "far": 21.366872605955045
            },
            "rotation": [
                [
                    -0.005957268927274302,
                    0.9952256804769636,
                    -0.09741845752265219
                ],
                [
                    0.9990833440156953,
                    0.0017938064984865357,
                    -0.042769778683807554
                ],
                [
                    -0.042390832232264836,
                    -0.09758394938416175,
                    -0.9943240870889356
                ]
            ],
            "position": [
                -0.6571322803500748,
                1.3989077352359276,
                -0.4894740958713608
            ]
        },
        {
            "id": 17,
            "intrinsics": {
                "height": 2028.0,
                "width": 2704.0,
                "focal_length": 1462.2934128356544
            },
            "bounds": {
                "near": 8.582875133303872,
                "far": 21.42843683470212
            },
            "rotation": [
                [
                    0.05482232209115711,
                    0.9670669184381064,
                    -0.24854795968415902
                ],
                [
                    0.9982377023368914,
                    -0.05874592145033621,
                    -0.008390848950778684
                ],
                [
                    -0.022715691354156096,
                    -0.24764993837183935,
                    -0.9685832464949653
                ]
            ],
            "position": [
                -1.8019909879634652,
                1.3720243886090748,
                -0.44578846073654615
            ]
        },
        {
            "id": 18,
            "intrinsics": {
                "height": 2028.0,
                "width": 2704.0,
                "focal_length": 1462.2934128356544
            },
            "bounds": {
                "near": 8.663647269481626,
                "far": 22.858453176479706
            },
            "rotation": [
                [
                    0.05276033831300362,
                    0.9351213489036668,
                    -0.3503775242872806
                ],
                [
                    0.9976958514722162,
                    -0.06434764331714582,
                    -0.021502761558899977
                ],
                [
                    -0.042653659353294994,
                    -0.3484357094560141,
                    -0.9363616938553483
                ]
            ],
            "position": [
                -2.9214377672670806,
                1.3318354199800286,
                -0.4131698340964203
            ]
        },
        {
            "id": 19,
            "intrinsics": {
                "height": 2028.0,
                "width": 2704.0,
                "focal_length": 1462.2934128356544
            },
            "bounds": {
                "near": 8.695903163721901,
                "far": 113.38535487388322
            },
            "rotation": [
                [
                    0.050088800100701956,
                    0.9570829591080546,
                    -0.2854528358406025
                ],
                [
                    0.9953273376235656,
                    -0.024211572233096904,
                    0.09347347618006961
                ],
                [
                    0.08255060922644016,
                    -0.2888009853774249,
                    -0.9538235621756113
                ]
            ],
            "position": [
                -4.764724136975314,
                1.354886411518417,
                0.5705306072751336
            ]
        },
        {
            "id": 20,
            "intrinsics": {
                "height": 2028.0,
                "width": 2704.0,
                "focal_length": 1462.2934128356544
            },
            "bounds": {
                "near": 8.588313736814252,
                "far": 22.94384513080805
            },
            "rotation": [
                [
                    0.12369649506581606,
                    0.9042879615833307,
                    -0.4086104008023992
                ],
                [
                    0.9844794804799526,
                    -0.06017135544481951,
                    0.16486224703629282
                ],
                [
                    0.12449630364936537,
                    -0.4226614372277153,
                    -0.8976959283957163
                ]
            ],
            "position": [
                -5.7001479912500805,
                1.354376855191802,
                0.92545768733819
            ]
        }
    ]
}
